5000000 0.46415615 0 0 
5000000 0.81485796 2 0 
5000000 1.309942 4 0 
5000000 1.2269092 6 0 
5000000 1.300354 8 0 
5000000 1.4451151 16 0 
5000000 2.841054 32 0 
5000000 3.748621 42 0 
5000000 4.264734 64 0 
5000000 4.487323 88 0 
5000000 0.62290192 256 256 
5000000 0.64585996 256 256 
5000000 0.65332603 256 256 
5000000 0.66174793 256 256 
5000000 0.6332171 256 256 
5000000 0.67107177 256 256 
5000000 0.73377109 256 256 
5000000 0.69553304 256 256 
5000000 0.78548694 256 256 
5000000 0.79232979 256 256 
50000000 4.617136 0 0 
50000000 8.3558609 2 0 
50000000 17.239718 4 0 
50000000 17.878507 6 0 
50000000 16.816758 8 0 
50000000 19.04074 16 0 
50000000 29.671552 32 0 
50000000 38.120364 42 0 
50000000 44.090643 64 0 
50000000 48.530925 88 0 
50000000 0.80385494 256 256 
50000000 0.79156303 256 256 
50000000 0.81243706 256 256 
50000000 0.79982901 256 256 
50000000 0.80461097 256 256 
50000000 0.82553291 256 256 
50000000 0.82915998 256 256 
50000000 0.88151884 256 256 
50000000 0.81695199 256 256 
50000000 0.82529688 256 256 
500000000 47.479652 0 0 
500000000 112.39769 2 0 
500000000 174.92776 4 0 
500000000 181.2019 6 0 
500000000 180.96811 8 0 
500000000 203.85804 16 0 
500000000 325.30239 32 0 
500000000 367.124 42 0 
500000000 435.70312 64 0 
500000000 469.02982 88 0 
500000000 2.115767 256 256 
500000000 2.164721 256 256 
500000000 2.1433959 256 256 
500000000 1.967926 256 256 
500000000 1.6865311 256 256 
500000000 1.4671841 256 256 
500000000 1.3699031 256 256 
500000000 1.2635372 256 256 
500000000 1.2560151 256 256 
500000000 1.228663 256 256 
50000 0.69498014 256 256 
50000 0.76540208 256 256 
50000 0.70633721 256 256 
50000 0.7213099 256 256 
50000 0.74968886 256 256 
